 1           0.367879
 
 2           0.264241
 
 3           0.207277
 
 4           0.170893
 
 5           0.145534
 
 6           0.126796
 
 7           0.112430
 
 8           0.100563
 
 9           0.094933
 
10            0.050674

11            0.442581

12           -4.310974

13           57.042664

14         -797.597290

15        11964.958984

16      -191438.343750

17      3254452.750000

18    -58580148.000000

19   1113022848.000000

20  -22260457472.000000