30.00         0.0322580636
29.00         0.0333704129
28.00         0.0345224850
27.00         0.0357584283
26.00         0.0370862149
25.00         0.0385165513
24.00         0.0400618091
23.00         0.0417364426
22.00         0.0435574353
21.00         0.0455448851
20.00         0.0477227569
19.00         0.0501198545
18.00         0.0527711175
17.00         0.0557193458
16.00         0.0590175390
15.00         0.0627321675
14.00         0.0669476986
13.00         0.0717732534
12.00         0.0773522258
11.00         0.0838770717
10.00         0.0916122943
 9.00         0.1009319648
 8.00         0.1123835072
 7.00         0.1268023551
 6.00         0.1455329359
 5.00         0.1708934158
 4.00         0.2072766423
 3.00         0.2642411292
 2.00         0.3678794503
 1.00         0.6321205497