30.00         0.0322580645
29.00         0.0333704116
28.00         0.0345224853
27.00         0.0357584265
26.00         0.0370862144
25.00         0.0385165514
24.00         0.0400618104
23.00         0.0417364430
22.00         0.0435574344
21.00         0.0455448841
20.00         0.0477227558
19.00         0.0501198550
18.00         0.0527711192
17.00         0.0557193459
16.00         0.0590175409
15.00         0.0627321639
14.00         0.0669477026
13.00         0.0717732536
12.00         0.0773522289
11.00         0.0838770701
10.00         0.0916122930
 9.00         0.1009319674
 8.00         0.1123835041
 7.00         0.1268023566
 6.00         0.1455329406
 5.00         0.1708934119
 4.00         0.2072766470
 3.00         0.2642411177
 2.00         0.3678794412
 1.00         0.6321205588